10 1015 104
11 1106 107
12 1219 113
13 1332 118
14 1448 107
15 1566 111
16 1680 112
17 1780 100
18 1881 103
19 1972 102
20 2076 105
21 2178 107
22 2269 110
23 2369 104
24 2467 108
25 2576 105
26 2682 105
27 2772 107
28 2876 112
29 2965 112
30 3052 115
31 3151 114
32 3266 114
33 3371 110
34 3462 114
35 3552 111
36 3645 114
37 3734 102
38 3834 100
39 3948 102
40 4062 104
41 4161 105
42 4278 102
43 4367 104
44 4450 104
45 4561 103
46 4652 108
47 4748 108
48 4851 107
49 4953 108
50 5063 118
51 5164 105
52 5277 106
53 5380 107
54 5496 102
55 5598 104
56 5703 103
57 5802 108
58 5893 107
59 5996 109
60 6101 109
61 6187 104
62 6285 107
63 6369 105
64 6457 108
65 6546 110
66 6667 110
67 6784 120
68 6872 113
69 6990 116
70 7091 110
71 7181 111
72 7272 109
73 7386 112
74 7499 113
75 7602 110
76 7701 114
77 7809 118
78 7886 112
79 7983 98
80 8069 99
81 8175 96
82 8274 96
83 8376 96
84 8485 97
85 8590 96
86 8686 99
87 8775 97
88 8878 99
89 8971 98
90 9071 99
91 9173 98
92 9285 96
93 9394 98
94 9484 99
95 9596 99
96 9683 103
97 9772 115
98 9873 98
99 9983 98
100 10088 99
101 10181 102
102 10298 100
103 10397 102
104 10498 102
105 10587 100
106 10693 104
107 10787 117
108 10872 112
109 10981 97
110 11090 101
111 11196 98
112 11283 97
113 11390 97
114 11489 96
115 11587 100
116 11676 100
117 11778 108
118 11889 96
119 12006 98
120 12112 101
121 12200 99
122 12292 101
123 12390 104
124 12490 99
125 12580 103
126 12684 108
127 12784 105
128 12882 99
129 12971 100
130 13064 102
131 13165 101
132 13253 108
133 13330 109
134 13418 102
135 13521 107
136 13595 112
137 13705 110
138 13795 109
139 13888 109
140 13986 103
141 14070 107
142 14181 124
143 14263 124
144 14357 110
145 14451 109
146 14566 112
147 14666 131
148 14775 111
149 14863 109
150 14969 109
151 15062 107
152 15150 103
153 15245 109
154 15362 118
155 15468 104
156 15572 102
157 15662 104
158 15770 100
159 15872 104
160 15973 119
161 16065 108
162 16166 108
163 16284 116
164 16387 104
165 16488 106
166 16604 107
167 16711 89
168 16816 94
169 16932 91
170 17025 89
171 17123 88
172 17230 93
173 17333 92
174 17435 131
175 17535 124
176 17644 127
177 17745 124
178 17840 136
179 17944 131
180 18058 135
181 18149 141
182 18261 125
183 18369 130
184 18480 130
185 18577 132
186 18688 130
187 18780 128
188 18885 134
189 18997 133
190 19112 134
191 19214 130
192 19300 122
193 19406 127
194 19520 125
195 19640 131
196 19739 125
197 19823 127
198 19941 124
199 20032 126
200 20127 126
