10 1000 174
11 1131 171
12 1227 174
13 1321 174
14 1409 173
15 1499 193
16 1589 199
17 1708 172
18 1813 176
19 1929 204
20 2044 223
21 2144 191
22 2240 181
23 2340 185
24 2440 196
25 2525 227
26 2652 179
27 2771 178
28 2866 184
29 2988 190
30 3066 208
31 3172 198
32 3272 197
33 3376 206
34 3479 199
35 3559 199
36 3675 189
37 3763 173
38 3880 174
39 3992 177
40 4095 174
41 4201 176
42 4304 173
43 4408 168
44 4529 170
45 4627 171
46 4728 174
47 4822 174
48 4935 173
49 5026 171
50 5127 179
51 5251 172
52 5352 189
53 5458 183
54 5563 170
55 5649 173
56 5768 183
57 5880 178
58 5986 178
59 6095 177
60 6211 175
61 6328 176
62 6422 176
63 6511 172
64 6620 184
65 6710 176
66 6799 179
67 6895 182
68 6987 169
69 7097 174
70 7205 165
71 7304 147
72 7404 143
73 7506 146
74 7606 138
75 7709 134
76 7814 130
77 7924 130
78 8020 129
79 8120 122
80 8216 122
81 8308 122
82 8428 123
83 8520 124
84 8637 123
85 8724 125
86 8805 123
87 8897 122
88 9004 133
89 9111 127
90 9203 121
91 9292 123
92 9390 127
93 9488 124
94 9585 124
95 9678 124
96 9778 126
97 9881 127
98 9994 124
99 10088 127
100 10201 133
101 10300 126
102 10408 120
103 10504 121
104 10617 124
105 10714 127
106 10797 123
107 10898 122
108 11008 131
109 11119 122
110 11226 122
111 11307 121
112 11418 125
113 11504 131
114 11605 128
115 11691 128
116 11784 131
117 11883 124
118 11980 121
119 12077 125
120 12166 123
121 12279 124
122 12419 125
123 12509 129
124 12603 138
125 12683 126
126 12777 124
127 12873 124
128 12967 128
129 13070 132
130 13173 128
131 13265 130
132 13367 136
133 13449 131
134 13560 124
135 13655 122
136 13762 129
137 13866 131
138 13955 129
139 14036 135
140 14128 130
141 14223 127
142 14332 127
143 14427 129
144 14538 129
145 14636 125
146 14744 128
147 14846 139
148 14950 125
149 15041 129
150 15143 128
151 15240 128
152 15319 130
153 15422 124
154 15511 129
155 15598 133
156 15694 129
157 15785 123
158 15893 125
159 16000 126
160 16102 124
161 16177 123
162 16286 129
163 16390 129
164 16495 124
165 16595 124
166 16687 127
167 16782 123
168 16894 123
169 16990 121
170 17088 120
171 17179 123
172 17291 117
173 17396 120
174 17486 119
175 17574 121
176 17681 120
177 17778 122
178 17866 121
179 17967 127
180 18047 120
181 18156 122
182 18256 119
183 18355 120
184 18447 118
185 18543 121
186 18656 120
187 18779 129
188 18879 116
189 18976 117
190 19083 121
191 19184 121
192 19284 123
193 19374 122
194 19482 123
195 19587 125
196 19688 129
197 19794 123
198 19892 118
199 19979 120
200 20062 128
